c HNCO MaxSat::save
p cnf 100 1000
-1 6 22 0
4 -36 -71 0
24 30 -69 0
-30 46 -99 0
-27 38 -76 0
-8 -67 86 0
15 41 80 0
-7 32 -66 0
59 -60 92 0
-18 48 59 0
35 68 88 0
4 -50 -99 0
-43 63 81 0
60 -78 -81 0
43 58 -64 0
19 61 -87 0
70 71 96 0
31 63 -72 0
-24 64 84 0
-5 45 83 0
-25 -41 -97 0
25 -77 85 0
-40 -45 48 0
41 46 68 0
17 43 62 0
43 45 78 0
21 59 84 0
-24 -38 40 0
-10 40 -88 0
-18 -62 77 0
41 -97 -100 0
16 48 96 0
-25 -46 99 0
-31 -87 98 0
16 -29 38 0
9 38 93 0
-2 18 49 0
32 -38 41 0
12 -26 -28 0
-10 18 -77 0
29 65 82 0
-26 49 -97 0
-37 47 64 0
-8 25 77 0
-52 74 86 0
30 50 -83 0
24 -65 -80 0
-60 74 78 0
68 -73 -97 0
6 59 -77 0
12 22 -100 0
16 -26 29 0
41 -42 -78 0
-18 43 -61 0
-63 -84 -98 0
-8 61 -100 0
-12 18 -48 0
-9 74 83 0
-2 -76 91 0
6 21 -92 0
-1 42 69 0
9 -22 -91 0
-5 -24 -100 0
37 -59 -61 0
-16 -27 -34 0
7 -19 -46 0
13 -50 85 0
-62 85 98 0
-23 30 64 0
-30 52 -69 0
-47 78 94 0
8 -51 -60 0
24 36 40 0
-35 40 -95 0
-39 -68 -82 0
11 91 -99 0
42 -54 -69 0
32 -37 83 0
1 68 -88 0
19 50 59 0
1 18 -71 0
-7 -31 -82 0
-7 30 51 0
8 68 -96 0
62 -63 92 0
13 21 -25 0
9 -18 70 0
-42 74 81 0
-34 90 99 0
-4 81 97 0
7 -23 -70 0
28 29 37 0
-27 75 82 0
18 19 -86 0
6 -28 30 0
-26 34 91 0
-38 -59 91 0
6 28 57 0
-4 7 -14 0
-1 -84 -85 0
16 -54 -68 0
-9 -60 -98 0
51 60 -62 0
-65 72 -77 0
-1 41 -60 0
-11 -32 50 0
36 44 -70 0
-40 67 73 0
-36 -70 89 0
2 -3 75 0
13 54 -78 0
23 36 38 0
-22 37 -95 0
-32 38 -84 0
8 -36 -89 0
20 -43 82 0
18 40 -46 0
42 -46 87 0
-43 -46 69 0
-60 -72 -83 0
-22 -46 -69 0
19 39 55 0
28 -52 -88 0
-4 39 -87 0
4 -10 27 0
8 34 36 0
48 49 -67 0
-82 -91 -98 0
-75 -92 -94 0
-42 44 68 0
6 30 -49 0
-45 50 -91 0
-12 -65 68 0
31 -49 70 0
-72 -83 98 0
-1 48 66 0
20 -60 68 0
-1 -59 -75 0
-22 -65 86 0
35 54 -60 0
-28 -80 -92 0
8 -69 -82 0
15 -22 -84 0
5 21 -63 0
5 17 -20 0
-3 4 -41 0
30 45 -97 0
30 32 -54 0
-36 78 -85 0
21 50 -86 0
12 16 -55 0
-50 -62 91 0
26 -30 -31 0
15 23 -40 0
25 -31 84 0
-24 92 98 0
-27 52 91 0
24 50 61 0
9 -19 -56 0
-20 -35 79 0
49 69 70 0
10 23 -80 0
-4 -53 73 0
-4 -21 39 0
32 74 79 0
-6 34 -50 0
-49 -84 -85 0
23 -67 72 0
-26 -56 -58 0
55 -78 -96 0
9 54 80 0
35 45 -81 0
32 54 -78 0
21 46 54 0
-43 45 76 0
-73 86 -93 0
4 -24 -68 0
-48 -69 75 0
-26 -66 -79 0
-24 90 91 0
31 35 86 0
21 -35 -43 0
32 -38 43 0
-73 76 -80 0
49 69 -93 0
-38 64 -98 0
-68 -73 -99 0
18 86 -90 0
-3 -35 -94 0
45 58 70 0
15 19 78 0
-29 41 62 0
30 -50 -94 0
40 49 -87 0
-10 44 93 0
7 25 -64 0
-4 -16 26 0
-26 40 91 0
19 89 97 0
14 44 80 0
79 93 100 0
28 -79 84 0
-27 40 -100 0
26 33 47 0
23 -49 -95 0
30 -76 85 0
-19 29 -30 0
7 36 65 0
-11 -27 74 0
45 69 -81 0
16 -46 -73 0
29 -72 87 0
4 -36 39 0
5 25 57 0
20 58 99 0
-39 -55 -77 0
-14 21 96 0
14 54 92 0
54 78 -97 0
54 -59 86 0
51 77 -91 0
29 46 99 0
-58 -65 78 0
-75 -98 99 0
31 -45 78 0
55 78 96 0
13 43 -53 0
-17 27 29 0
-27 59 81 0
15 -39 61 0
-19 -34 -36 0
63 79 94 0
19 -37 73 0
12 -59 76 0
9 67 -73 0
15 52 54 0
-26 -34 -66 0
26 -57 -65 0
51 -60 -78 0
15 -38 76 0
-30 42 -98 0
-6 -20 -45 0
-1 8 77 0
-13 75 -91 0
40 50 91 0
27 -46 94 0
-16 -69 -100 0
12 84 91 0
-15 47 -96 0
32 -42 84 0
45 -52 -89 0
1 -4 -34 0
40 75 -97 0
-12 53 -69 0
-48 -67 88 0
-15 21 35 0
48 51 99 0
-7 70 -72 0
6 56 -76 0
-34 -68 76 0
53 77 -79 0
-59 -75 -85 0
9 36 -56 0
35 -82 100 0
15 -88 89 0
28 70 -92 0
-30 -67 83 0
-29 -58 -89 0
52 54 -57 0
-48 -50 -85 0
5 26 -76 0
-36 37 77 0
58 68 -76 0
-26 48 75 0
9 -56 93 0
9 56 75 0
3 5 -10 0
-2 -61 71 0
10 -16 19 0
-17 34 -67 0
5 -17 32 0
13 20 88 0
-6 64 -86 0
-13 87 -99 0
-32 -45 -75 0
-14 40 -82 0
39 56 -95 0
-39 74 -89 0
43 63 -80 0
-9 29 89 0
46 67 91 0
15 -24 66 0
-27 92 96 0
-49 -80 96 0
25 68 73 0
-35 58 -77 0
-1 -71 -100 0
-36 -45 59 0
-13 -17 27 0
5 -15 -44 0
16 48 77 0
2 -37 91 0
13 -72 -96 0
13 -60 -78 0
50 80 -86 0
-3 -49 77 0
-39 56 -58 0
-30 -90 91 0
-84 90 93 0
19 -27 48 0
23 41 -61 0
16 97 100 0
24 -43 92 0
-10 64 89 0
-3 27 70 0
38 54 98 0
20 26 -33 0
5 -39 -94 0
-39 53 66 0
6 75 95 0
29 38 -66 0
2 22 29 0
15 -40 -61 0
-26 83 -100 0
13 37 -97 0
-35 -68 -88 0
-26 65 89 0
8 72 94 0
-46 -56 86 0
22 25 -84 0
48 60 -63 0
-3 14 -69 0
12 -60 62 0
-12 -20 -26 0
10 -41 -61 0
39 45 -47 0
57 76 -86 0
5 -23 27 0
-18 39 -55 0
-9 -20 90 0
14 39 -69 0
65 -68 -69 0
-21 -88 89 0
38 63 88 0
40 59 -100 0
22 -93 -98 0
-6 9 78 0
-23 24 -98 0
-5 -11 -33 0
30 -52 56 0
27 29 -35 0
-15 21 -51 0
-25 47 84 0
55 -76 -81 0
23 -78 99 0
10 52 60 0
18 -48 95 0
33 83 -88 0
8 -54 77 0
-23 49 -79 0
3 8 -33 0
38 57 -86 0
70 -85 -91 0
-9 28 -42 0
-37 -55 97 0
52 57 -64 0
-40 -82 83 0
25 68 76 0
-9 -88 -94 0
9 -18 -20 0
1 12 39 0
-28 64 -72 0
-15 -43 66 0
15 -81 -93 0
21 28 90 0
42 74 -84 0
52 74 98 0
10 -42 93 0
-34 -54 -76 0
-38 80 -86 0
2 -50 -91 0
13 17 -41 0
-3 53 -99 0
-8 10 -68 0
12 33 -56 0
-33 -45 -95 0
39 78 87 0
14 55 74 0
12 -59 68 0
18 -48 -63 0
-34 72 89 0
23 -25 40 0
-8 -73 -74 0
20 48 -67 0
-3 -11 90 0
-32 -40 -94 0
-6 30 -95 0
65 -68 87 0
36 -48 50 0
33 36 -47 0
7 -25 -52 0
-36 52 -82 0
-11 -17 -49 0
-8 -10 -70 0
57 -63 95 0
37 -55 65 0
-2 -23 58 0
-2 -11 87 0
22 -58 -77 0
-41 -84 92 0
-44 -47 53 0
37 -50 52 0
59 61 -73 0
51 68 90 0
12 -57 -86 0
21 -26 -90 0
75 78 -93 0
3 15 53 0
16 -83 -96 0
58 -62 67 0
-86 93 -99 0
-79 83 -95 0
30 -77 78 0
-26 -35 -89 0
53 66 -100 0
-26 -37 45 0
36 -39 90 0
7 53 -89 0
40 -56 -77 0
18 -23 44 0
-50 -54 94 0
-30 -54 98 0
46 -78 88 0
-51 73 -93 0
29 -50 65 0
8 -16 89 0
-25 26 -46 0
32 -38 -88 0
-38 61 86 0
5 -38 -84 0
-34 76 100 0
49 -60 -88 0
-47 48 78 0
-46 68 86 0
-13 -16 -20 0
3 10 19 0
41 -42 97 0
-6 -45 -51 0
5 -9 -87 0
9 26 42 0
47 84 85 0
-29 -47 -84 0
68 75 -79 0
-11 18 90 0
-44 -54 72 0
59 -94 -95 0
-5 -62 83 0
51 -77 90 0
-41 -47 61 0
-4 32 -35 0
-47 -50 -78 0
-47 -79 -80 0
-24 -64 67 0
19 51 -97 0
34 37 61 0
-51 -75 87 0
-19 -91 95 0
-24 38 45 0
52 -67 96 0
27 45 -67 0
79 91 -97 0
6 17 49 0
33 69 84 0
-8 23 -47 0
-4 -50 56 0
41 71 -83 0
-6 -19 -51 0
-13 96 -100 0
-1 -16 59 0
8 -75 81 0
30 42 52 0
27 -49 -63 0
-27 47 59 0
-42 -55 72 0
-7 -18 84 0
29 -46 -52 0
7 43 -73 0
18 24 -47 0
22 79 90 0
-43 77 82 0
-1 -47 -68 0
-5 -52 80 0
11 -14 32 0
-40 52 -98 0
-5 -43 -53 0
3 10 -99 0
26 -55 -81 0
38 -45 -86 0
4 61 -67 0
-39 77 81 0
33 -56 -86 0
-2 -4 -55 0
-35 -80 86 0
-13 -43 100 0
-47 -58 -72 0
6 11 -26 0
-19 69 86 0
77 82 85 0
-6 96 97 0
1 -22 -88 0
10 33 45 0
52 71 84 0
2 34 -51 0
-2 79 -80 0
42 -85 97 0
21 28 71 0
7 14 95 0
12 -57 -85 0
33 82 -98 0
-64 -72 89 0
-24 27 67 0
74 96 -97 0
-35 44 -77 0
-41 72 -75 0
-9 71 -91 0
-49 52 84 0
20 34 -93 0
-11 -70 -99 0
21 37 -61 0
40 59 98 0
-36 52 -95 0
-30 60 -81 0
-6 -58 -78 0
-19 34 74 0
-6 -18 -72 0
60 66 -85 0
-49 -53 57 0
37 -41 -92 0
37 44 89 0
2 88 90 0
52 69 -81 0
13 -82 92 0
-29 88 -96 0
-15 -26 -44 0
-84 -92 95 0
8 40 -83 0
-65 -82 88 0
10 52 -70 0
-16 23 -74 0
-19 -46 75 0
38 -71 72 0
-45 73 88 0
-27 40 -71 0
-34 50 -54 0
-54 58 -98 0
-25 97 100 0
5 -40 79 0
-2 50 -70 0
-79 97 99 0
46 -86 87 0
3 33 92 0
22 49 -82 0
26 -33 -69 0
-18 19 70 0
-18 -68 88 0
-38 -39 72 0
-3 -10 49 0
3 4 -60 0
-4 -69 77 0
-22 -48 99 0
-29 -40 77 0
11 12 -94 0
-17 42 -47 0
-1 -15 -40 0
-20 34 91 0
5 25 -46 0
-44 81 -86 0
-5 12 13 0
6 70 -78 0
13 31 -69 0
50 75 90 0
2 -62 -77 0
-16 -51 84 0
55 -83 98 0
21 -36 98 0
44 -58 59 0
8 35 48 0
-22 -35 -85 0
24 -34 -71 0
-32 -63 -71 0
66 -87 92 0
-77 -90 -96 0
-29 -47 -97 0
-17 -54 -97 0
1 -12 -37 0
28 90 97 0
55 76 -88 0
23 37 -79 0
-5 35 -66 0
1 18 -45 0
-10 22 -35 0
-24 40 55 0
-13 61 -98 0
6 30 42 0
29 34 61 0
1 -7 61 0
38 48 50 0
23 57 93 0
-26 -37 57 0
7 43 66 0
11 -46 48 0
-20 -89 -100 0
28 -54 77 0
18 -36 -58 0
11 -58 -71 0
-62 79 -85 0
-19 35 51 0
-73 82 93 0
-34 61 -96 0
-28 -32 -65 0
20 28 -72 0
51 -55 -89 0
12 -52 71 0
12 34 -55 0
15 35 -62 0
18 -36 -47 0
-31 34 35 0
4 -65 76 0
19 -93 99 0
42 93 -97 0
-19 48 -64 0
-29 51 62 0
-24 50 100 0
-5 -16 32 0
-1 34 82 0
25 29 72 0
26 -48 63 0
-20 -83 100 0
36 -38 55 0
-28 62 67 0
5 -9 40 0
8 -55 -73 0
27 77 82 0
2 -35 85 0
23 65 99 0
51 -86 88 0
8 -71 -99 0
-25 -40 -42 0
81 -95 99 0
-14 -39 100 0
11 -16 -94 0
13 -23 89 0
31 -41 -62 0
8 10 87 0
-41 45 -66 0
-2 -13 -14 0
-20 30 -47 0
23 -33 79 0
-19 29 79 0
19 -21 -37 0
-22 -23 -87 0
4 -56 -75 0
16 -58 67 0
-14 -20 27 0
47 68 90 0
-10 84 94 0
-13 31 -35 0
-5 -35 79 0
-12 -20 -82 0
-6 62 -63 0
-10 -33 79 0
-42 -48 82 0
-49 66 -90 0
-28 -53 65 0
-4 -37 -94 0
-17 -36 -67 0
-25 56 -63 0
6 8 -76 0
14 31 -37 0
29 33 67 0
-45 -66 -67 0
29 -34 -44 0
-18 49 95 0
-2 -13 62 0
32 -54 60 0
4 -23 -54 0
-32 41 -67 0
-21 -22 70 0
15 -54 65 0
42 91 96 0
45 -90 -100 0
-10 -69 75 0
-24 -35 -78 0
6 39 -89 0
-27 -51 -72 0
-74 -84 -92 0
34 60 89 0
23 -30 92 0
-7 73 79 0
-1 22 -33 0
35 -84 -91 0
44 59 -100 0
2 45 90 0
69 -76 -87 0
-30 41 -75 0
3 -16 -18 0
-13 -27 64 0
54 -87 95 0
11 43 -54 0
14 19 24 0
29 -38 49 0
-6 -16 93 0
70 83 -90 0
14 -53 96 0
35 -86 -94 0
-75 -89 -90 0
-32 -56 94 0
-36 78 -79 0
-37 74 -98 0
10 58 -98 0
-35 40 -59 0
23 -33 -41 0
-23 -50 -93 0
10 31 -59 0
7 53 92 0
-1 5 50 0
-55 67 -76 0
-44 64 -83 0
-10 -30 -71 0
9 -31 -73 0
34 -51 -76 0
22 -23 -76 0
-3 19 -39 0
-56 -76 -91 0
-18 -50 66 0
20 -35 -70 0
-77 -81 94 0
33 87 -94 0
30 71 -97 0
-21 32 -69 0
5 -55 -81 0
21 30 89 0
-41 -71 94 0
22 29 41 0
12 -80 -97 0
47 87 -89 0
-60 -93 -98 0
-50 -77 -81 0
-38 -64 66 0
29 60 66 0
56 91 -97 0
10 32 -58 0
-24 -46 77 0
24 -46 76 0
8 -36 73 0
-36 50 69 0
-45 -83 -100 0
-9 -46 79 0
-40 80 -89 0
-16 -32 87 0
-7 20 -49 0
56 -85 -96 0
-7 15 39 0
79 -81 -84 0
48 79 95 0
-21 -49 -69 0
18 51 -96 0
-1 28 59 0
1 -8 30 0
15 -54 -79 0
60 -76 95 0
-6 43 -90 0
79 94 -98 0
-19 49 -98 0
30 -51 -67 0
40 -61 -65 0
-27 80 90 0
50 -70 79 0
-23 -92 -99 0
5 -25 -26 0
-20 84 96 0
-16 24 62 0
6 29 -99 0
32 34 47 0
36 -42 -51 0
-21 -45 78 0
-1 30 -52 0
-32 -65 -91 0
5 23 -81 0
19 -44 94 0
10 28 97 0
22 -37 59 0
-31 42 98 0
-34 36 -51 0
-4 32 93 0
-5 9 -87 0
-54 71 -72 0
-15 -51 53 0
16 18 -63 0
-38 73 95 0
-50 -86 88 0
33 -45 76 0
6 -22 49 0
-7 36 100 0
13 -28 74 0
-8 48 77 0
44 -54 66 0
43 64 -100 0
-21 36 -83 0
-36 -82 86 0
22 -44 64 0
-16 55 -70 0
-49 77 79 0
-40 56 -60 0
-41 -57 -89 0
-17 -72 98 0
-52 -57 -74 0
5 10 71 0
34 67 -82 0
-34 -35 39 0
-7 -15 -72 0
-45 -79 -94 0
-20 -35 -84 0
-13 -40 90 0
-27 60 -94 0
-23 -35 38 0
-7 23 57 0
11 18 -68 0
21 45 -75 0
12 -29 97 0
38 -45 70 0
3 43 89 0
-19 -49 86 0
-50 -97 -100 0
-21 54 90 0
-19 -32 47 0
39 -45 -78 0
-60 -88 96 0
-43 55 79 0
7 70 92 0
-15 -53 87 0
-3 46 -78 0
-35 -56 -80 0
-20 -30 -49 0
-29 -59 63 0
-28 35 -58 0
6 -75 -96 0
14 -72 -100 0
7 -13 96 0
-46 72 -81 0
-22 86 -89 0
27 -79 -94 0
-50 68 -91 0
34 -59 -68 0
-42 57 -85 0
3 -35 47 0
69 80 -85 0
20 -27 -93 0
1 -16 75 0
32 -83 97 0
17 -60 94 0
-10 -55 59 0
-25 -51 78 0
-1 64 92 0
25 -29 -30 0
-36 -69 89 0
-1 46 -94 0
-1 45 50 0
7 57 -65 0
19 -29 -33 0
3 74 -78 0
2 83 92 0
46 -77 -86 0
6 20 40 0
5 82 -86 0
-12 40 72 0
-50 -84 -94 0
-8 -17 -33 0
15 -17 95 0
13 25 -41 0
2 7 -88 0
-80 88 -100 0
13 61 -73 0
19 -36 -81 0
-42 60 -77 0
-7 12 -50 0
-7 -37 -38 0
-2 18 -76 0
-47 51 95 0
36 47 -68 0
1 11 72 0
-29 -35 -60 0
-15 -20 -31 0
-9 -57 -63 0
-11 -54 62 0
-5 85 90 0
-23 -37 83 0
-32 50 63 0
31 -39 -90 0
30 -50 -78 0
19 32 -39 0
-19 -48 -100 0
24 88 91 0
61 65 -76 0
8 12 -37 0
26 86 99 0
-24 63 -92 0
25 -58 -69 0
-25 -34 81 0
-8 -58 -90 0
-31 69 -85 0
-6 -59 97 0
3 29 64 0
-13 -40 93 0
28 33 85 0
-40 -86 -99 0
19 73 97 0
45 -51 80 0
-47 68 -69 0
25 -71 86 0
-56 67 -96 0
65 72 93 0
12 -54 -83 0
-16 -31 -74 0
12 -65 72 0
4 54 -95 0
10 -32 -34 0
-17 -24 -86 0
7 12 -78 0
-8 11 80 0
-37 -52 -82 0
4 86 100 0
-41 -53 63 0
-33 49 -71 0
-7 -39 -92 0
-1 -11 60 0
-7 -73 -80 0
19 35 59 0
-14 23 -25 0
-3 -80 84 0
-42 78 93 0
-1 -75 -100 0
12 75 -95 0
16 -45 -53 0
-13 -25 -83 0
-9 -26 48 0
53 -86 97 0
-15 16 28 0
11 62 92 0
-11 -43 -47 0
21 -24 64 0
9 -17 84 0
-18 -20 95 0
-9 37 80 0
-47 59 94 0
-3 -28 -75 0
51 -68 -74 0
33 78 -92 0
20 84 -89 0
-6 -16 37 0
-33 -70 -83 0
15 -44 -79 0
16 27 -81 0
-24 27 -87 0
49 52 -85 0
-27 -44 71 0
14 -21 -85 0
3 83 88 0
-64 83 89 0
-69 87 94 0
14 65 89 0
6 23 -24 0
-29 55 80 0
-65 -68 -83 0
-4 34 -84 0
19 -54 92 0
-4 -16 46 0
83 -93 95 0
-7 -56 72 0
10 -42 -44 0
43 83 -91 0
29 -34 -42 0
-77 86 -98 0
15 48 -69 0
28 72 -88 0
-46 67 73 0
56 -63 67 0
51 -56 -88 0
-46 -47 -90 0
23 79 -99 0
34 -66 -88 0
19 -60 70 0
52 64 -77 0
37 79 -99 0
-24 -61 72 0
3 30 -48 0
-50 -79 89 0
-2 77 -84 0
-22 93 -100 0
25 52 80 0
