c HNCO MaxSat::save
p cnf 100 1000
-34 -38 52 0
69 -93 98 0
-53 -77 -100 0
42 55 -96 0
5 16 40 0
3 -47 -71 0
35 -58 -79 0
50 63 -99 0
43 79 94 0
40 -50 -90 0
-2 -15 -92 0
5 -47 58 0
-57 69 -78 0
12 -19 90 0
34 38 93 0
10 47 -59 0
-6 -42 -91 0
46 59 93 0
37 -39 -40 0
-26 47 76 0
11 83 -95 0
-35 54 55 0
25 51 -53 0
-66 72 85 0
-14 26 -73 0
3 -17 -60 0
-30 49 -53 0
-11 -38 -78 0
-27 -39 55 0
-8 23 -99 0
7 56 -61 0
23 57 72 0
4 -20 70 0
19 -55 98 0
-25 76 77 0
5 -61 -62 0
41 73 -79 0
7 -63 -77 0
33 -39 99 0
-12 -40 70 0
4 52 74 0
-39 -72 -99 0
17 42 93 0
31 35 -66 0
-49 67 86 0
42 -61 63 0
-64 -71 77 0
-75 92 100 0
-45 54 74 0
-75 -83 85 0
3 -57 -63 0
-37 51 -62 0
-30 -31 -91 0
7 39 75 0
30 47 65 0
18 43 -47 0
49 -51 80 0
12 67 -93 0
-11 -88 89 0
-46 -48 -79 0
-76 -84 95 0
-17 -77 -83 0
-13 23 -75 0
19 -21 24 0
9 -35 68 0
-12 79 81 0
-17 -26 -44 0
9 29 72 0
7 -24 98 0
3 -12 -85 0
-15 28 49 0
-26 64 97 0
-24 36 38 0
28 29 -86 0
-44 49 100 0
29 -34 58 0
18 30 -85 0
20 -21 51 0
-1 -64 -75 0
-1 -5 15 0
-5 -69 -92 0
15 17 -32 0
5 36 59 0
50 -75 77 0
-15 32 54 0
-50 -55 56 0
-1 43 -62 0
-4 -57 59 0
35 -53 -90 0
-12 50 -72 0
-59 -87 -95 0
4 22 -76 0
40 92 -93 0
19 -83 98 0
-3 -15 25 0
-55 74 87 0
-27 58 69 0
-26 28 -82 0
-11 12 -48 0
-11 31 58 0
56 -82 -86 0
22 -28 -64 0
-21 31 -71 0
7 -32 -60 0
-31 -71 74 0
-5 29 -83 0
-5 -14 50 0
23 59 82 0
-66 80 -100 0
38 57 -62 0
35 54 -76 0
14 32 97 0
-8 -27 68 0
10 -39 52 0
-15 42 80 0
-5 -16 -47 0
-61 71 84 0
22 -57 62 0
-16 -65 -84 0
51 58 -68 0
16 51 -61 0
-23 -29 40 0
-10 -33 98 0
16 24 -90 0
-46 59 -93 0
-42 64 -77 0
28 -42 -46 0
-1 31 35 0
58 76 85 0
8 -18 58 0
1 -25 -82 0
11 -27 -34 0
48 -58 -95 0
-25 -46 -54 0
-18 68 75 0
-45 58 65 0
6 22 -57 0
4 33 -46 0
17 82 -84 0
2 -42 66 0
-13 49 79 0
12 -54 -64 0
6 -46 72 0
64 72 -95 0
-9 -44 56 0
11 63 -72 0
74 -97 -98 0
25 53 93 0
-68 -71 75 0
-50 59 66 0
-35 -38 59 0
-28 -66 91 0
27 -46 99 0
-26 -69 -99 0
-24 37 84 0
-24 -29 91 0
37 -49 -59 0
-30 -41 -85 0
6 23 59 0
-16 17 -24 0
11 -65 77 0
-18 -49 53 0
-2 -77 -87 0
-23 -41 -64 0
21 -26 69 0
28 36 -75 0
3 21 32 0
-11 73 79 0
2 40 -44 0
15 82 98 0
27 46 51 0
75 -77 -81 0
49 59 62 0
-48 62 97 0
-59 99 -100 0
16 -30 -56 0
-18 31 -87 0
-5 -34 58 0
-30 -51 76 0
-49 54 -67 0
40 -71 92 0
12 35 -60 0
-23 36 57 0
10 20 92 0
-13 37 41 0
22 26 -44 0
-26 -53 71 0
26 66 67 0
19 -38 65 0
51 60 73 0
33 89 93 0
47 88 96 0
9 -63 81 0
-62 68 -86 0
-27 44 84 0
24 25 51 0
5 -40 -50 0
39 63 -64 0
-7 -19 85 0
3 66 -84 0
-29 -49 -86 0
9 -19 26 0
27 32 -100 0
-10 17 69 0
21 41 98 0
24 -59 72 0
24 -29 73 0
-7 -19 49 0
36 -40 57 0
-23 -33 85 0
41 71 -96 0
16 -40 65 0
-35 -75 90 0
-47 -59 -64 0
27 -44 -72 0
-2 -81 -94 0
-29 32 74 0
-7 16 52 0
8 -26 -35 0
-7 -30 63 0
35 68 -71 0
34 49 70 0
-24 -79 82 0
18 44 83 0
7 40 81 0
35 63 97 0
-35 44 50 0
20 -59 81 0
-49 61 96 0
-13 -37 95 0
43 52 90 0
-34 -38 82 0
6 -11 -97 0
-6 64 65 0
27 -57 72 0
-72 83 -97 0
1 -40 -51 0
-19 26 -66 0
-25 26 59 0
-31 59 75 0
25 -82 83 0
-21 -55 64 0
-11 62 -70 0
21 -87 -99 0
4 -14 15 0
5 21 44 0
-1 -5 21 0
3 -13 72 0
-9 35 95 0
-28 60 67 0
48 -67 -84 0
11 -65 76 0
14 -49 -98 0
-14 43 -61 0
13 -29 -45 0
-13 -41 -51 0
-43 56 -63 0
5 -36 -94 0
62 -69 89 0
-8 31 39 0
28 -32 38 0
31 43 57 0
58 89 -95 0
7 17 78 0
69 70 75 0
39 -70 -97 0
16 23 -24 0
-36 -45 -99 0
-34 -75 -80 0
53 72 94 0
-12 -16 81 0
-47 -49 100 0
-2 7 -55 0
31 -55 56 0
32 -40 54 0
5 -55 -59 0
19 -82 -88 0
16 -22 -86 0
-11 17 -52 0
20 -27 -61 0
-20 -41 -94 0
-17 -42 86 0
62 91 94 0
8 44 80 0
-33 51 -57 0
-5 -90 96 0
3 -55 -79 0
6 -11 -80 0
-17 -23 47 0
-55 -64 85 0
3 -28 -52 0
9 11 21 0
-21 -87 -90 0
22 77 -79 0
-20 45 58 0
-57 -69 -77 0
9 -60 -86 0
6 -46 77 0
38 -74 -82 0
27 56 -96 0
-37 67 -76 0
-26 -27 -98 0
30 -78 -86 0
10 49 58 0
-9 56 100 0
-25 -70 84 0
43 56 68 0
-14 -41 -63 0
-20 -40 -97 0
-33 -65 -80 0
51 -68 -93 0
-43 83 -96 0
65 78 94 0
-16 -38 82 0
-63 65 67 0
29 84 -92 0
-63 64 96 0
-11 -60 72 0
-24 -61 -79 0
21 37 89 0
-62 69 -89 0
58 -68 86 0
58 -63 -80 0
-43 -50 -93 0
-38 -53 -63 0
-1 -26 85 0
20 27 54 0
-49 51 -77 0
-15 -76 -85 0
-20 68 -75 0
13 20 52 0
6 -26 -34 0
36 -60 83 0
35 -46 -56 0
27 -41 -85 0
11 40 85 0
23 -62 79 0
-67 -93 -98 0
-2 10 -91 0
-46 55 -74 0
6 -35 -98 0
-6 -36 -69 0
48 63 90 0
-13 21 55 0
-60 -65 81 0
-23 41 -68 0
-20 50 -57 0
7 -76 -78 0
1 -27 86 0
3 63 96 0
-25 -49 -89 0
-54 72 -98 0
15 54 97 0
15 65 79 0
-8 -18 -100 0
17 66 89 0
-14 53 55 0
-1 7 80 0
9 50 -69 0
-23 -27 40 0
80 -84 -89 0
6 -52 -57 0
5 20 -64 0
-7 8 -48 0
-67 -83 -99 0
-63 70 -97 0
-43 -52 86 0
-70 71 -82 0
1 6 58 0
6 -11 53 0
-43 -44 81 0
-1 -5 -21 0
-1 -66 -80 0
-41 -69 -80 0
-28 -56 -75 0
-9 -25 -92 0
-29 -36 85 0
21 -41 94 0
-36 41 -87 0
-14 46 84 0
19 50 91 0
58 71 86 0
18 24 99 0
35 49 -53 0
-4 -5 71 0
-5 39 -86 0
-53 84 -99 0
-23 74 -76 0
10 -42 58 0
27 -73 -95 0
15 81 82 0
-2 15 -51 0
-6 -83 84 0
-22 -61 -86 0
-10 -40 -67 0
35 53 73 0
-7 -62 -74 0
40 -56 -88 0
-14 30 74 0
-31 52 70 0
8 59 -100 0
-18 -31 71 0
-22 -38 76 0
17 68 -85 0
40 69 -100 0
39 56 64 0
-23 27 -80 0
-6 30 76 0
-42 52 -79 0
1 48 -78 0
-60 -97 -100 0
38 74 -84 0
-19 -21 -79 0
-41 47 83 0
3 -69 -81 0
-23 28 38 0
-1 -43 89 0
23 83 -100 0
-4 -68 100 0
-39 -47 -52 0
3 -41 -55 0
-36 75 92 0
-7 -43 -57 0
31 33 -69 0
15 -26 -71 0
22 -58 100 0
-7 -52 86 0
67 -86 87 0
18 74 -75 0
-38 -39 -88 0
17 45 76 0
-70 -81 83 0
-15 -53 -65 0
-11 27 -63 0
-2 -71 92 0
-32 46 -56 0
1 49 -74 0
9 -30 82 0
-4 12 -95 0
20 -82 -90 0
23 -54 97 0
1 -26 90 0
-28 -65 -82 0
38 56 -85 0
44 -64 73 0
28 45 66 0
-19 -27 -94 0
10 -23 53 0
-4 46 50 0
29 55 83 0
-27 -64 69 0
25 -36 52 0
-53 -64 -79 0
42 -71 100 0
57 -58 -71 0
-4 16 -44 0
32 48 53 0
-13 -35 91 0
-33 -63 79 0
13 52 76 0
-18 22 78 0
-13 58 96 0
55 -76 84 0
-6 18 82 0
-7 -8 93 0
-62 -74 -78 0
-10 -63 74 0
52 -54 -98 0
-20 -41 -74 0
-1 -27 76 0
26 96 97 0
-14 -50 82 0
12 50 62 0
-2 -68 91 0
16 -40 52 0
43 -48 -98 0
-44 65 74 0
-16 -40 43 0
-5 -22 32 0
34 -41 -95 0
23 95 100 0
-31 48 -87 0
-67 77 81 0
-34 59 -68 0
-11 47 -96 0
1 32 -33 0
39 46 -90 0
-6 -78 -92 0
50 -59 63 0
26 -86 94 0
36 56 -57 0
20 41 53 0
10 30 59 0
27 -30 80 0
-62 75 -80 0
53 -63 -91 0
-18 -97 100 0
5 45 -63 0
42 -59 -77 0
4 -15 -85 0
26 35 -65 0
-1 -10 91 0
-8 56 -74 0
45 -68 -70 0
-18 19 -23 0
-40 -70 78 0
-59 -73 94 0
-13 -55 -98 0
2 10 -76 0
37 80 -94 0
-19 75 -94 0
43 62 68 0
-32 -96 98 0
7 -23 -33 0
-2 -18 -91 0
35 -44 84 0
-7 -45 -76 0
-10 17 49 0
11 -75 -80 0
-10 -91 96 0
-3 38 42 0
-7 20 33 0
7 67 73 0
16 45 -72 0
-3 9 -16 0
-25 76 92 0
-34 -39 45 0
-3 9 33 0
1 -7 -100 0
-10 24 -54 0
13 44 -90 0
8 35 -39 0
4 -58 -72 0
-26 43 -93 0
32 -78 84 0
-16 -32 57 0
3 34 72 0
31 -58 -95 0
28 37 -54 0
-18 45 97 0
-13 82 85 0
50 -54 -92 0
-45 -50 -99 0
13 -22 39 0
-23 58 79 0
12 -19 -26 0
14 -40 52 0
-13 35 -62 0
13 -22 78 0
-14 -40 -62 0
8 50 61 0
26 63 83 0
-7 -33 -78 0
2 -5 -17 0
-78 -83 87 0
15 33 -93 0
50 67 76 0
-7 -42 -88 0
20 66 -82 0
29 -56 62 0
8 -21 24 0
-31 -89 -99 0
-90 95 -100 0
-6 -9 22 0
19 -33 78 0
-76 -78 -83 0
-12 -26 69 0
-35 36 -73 0
-14 32 69 0
-29 -52 92 0
5 -59 69 0
-11 -48 -86 0
71 -85 -93 0
-13 -30 80 0
5 -62 -74 0
13 15 -85 0
19 31 38 0
3 -42 -88 0
-28 80 87 0
-36 -57 63 0
-20 31 34 0
7 12 -61 0
9 -20 87 0
-12 93 100 0
50 -57 -83 0
-2 58 73 0
22 -35 48 0
-70 93 -98 0
-26 59 -62 0
-3 16 -27 0
58 -86 89 0
-35 -40 -89 0
6 28 36 0
20 -55 91 0
-19 53 -98 0
-63 -81 85 0
3 -55 -76 0
32 -39 -67 0
49 78 -91 0
-7 -78 86 0
5 69 90 0
13 -35 -77 0
-31 -49 -90 0
-32 -80 82 0
16 -43 -65 0
21 90 -96 0
-6 50 -98 0
43 52 -70 0
-78 80 97 0
-27 36 79 0
-10 -26 89 0
-80 83 99 0
4 26 -78 0
4 -52 -80 0
-10 67 -73 0
38 55 99 0
13 61 92 0
-43 -47 87 0
-15 58 -77 0
6 -70 83 0
29 -51 -72 0
-42 -61 -84 0
41 52 -59 0
3 -88 89 0
-43 68 74 0
-46 73 -100 0
69 77 84 0
14 -23 89 0
-29 76 -78 0
-39 -44 -64 0
-1 38 -75 0
18 -31 -80 0
-12 -61 -70 0
1 37 -57 0
-6 -11 -29 0
1 -15 51 0
-33 -58 98 0
-10 -67 -77 0
55 -71 91 0
-27 58 98 0
-9 40 -85 0
4 9 -75 0
27 28 -97 0
-17 33 -56 0
56 -57 -60 0
-77 78 91 0
6 -19 22 0
7 29 92 0
-9 12 28 0
18 -35 -67 0
-11 42 -87 0
-66 -90 -92 0
-1 -17 -98 0
-25 60 -66 0
11 46 -77 0
-66 -70 -93 0
27 -60 -79 0
21 -74 97 0
-30 56 -77 0
36 50 63 0
-21 -29 -94 0
-54 -70 -91 0
-46 -56 81 0
27 75 88 0
15 73 -83 0
-28 -32 45 0
-42 -62 -69 0
-23 70 76 0
42 87 100 0
4 62 64 0
40 -41 73 0
2 -23 35 0
-24 31 56 0
46 67 70 0
18 21 -94 0
-75 -80 -82 0
29 49 -55 0
-31 35 86 0
-50 54 -64 0
6 46 -77 0
-27 52 -92 0
66 -68 -83 0
40 -51 84 0
45 86 -92 0
-42 -65 -76 0
-51 -84 -85 0
31 51 -69 0
-10 12 -76 0
29 -30 -81 0
-63 77 83 0
34 45 100 0
63 -78 -84 0
23 -69 95 0
-71 89 -91 0
6 -39 78 0
10 53 63 0
21 33 -83 0
-22 -26 -91 0
-22 54 -95 0
-46 -54 -87 0
-17 73 -100 0
-5 56 -86 0
-33 -49 97 0
2 -39 82 0
56 90 96 0
12 -13 67 0
2 -42 89 0
59 80 99 0
-8 -72 -78 0
9 -36 71 0
-1 11 -22 0
67 -74 -97 0
-29 -38 98 0
34 -69 78 0
69 -94 -98 0
-55 -70 -98 0
33 -34 -60 0
1 55 -58 0
37 63 -84 0
4 -11 50 0
-7 84 100 0
45 -65 -83 0
41 60 -70 0
45 67 99 0
-33 -43 71 0
30 -77 82 0
59 62 -97 0
12 -55 65 0
-12 -31 90 0
42 60 99 0
-45 -58 -62 0
-17 -24 -99 0
-24 -36 -91 0
-20 78 -89 0
-21 -29 98 0
-33 63 -81 0
35 46 -99 0
-34 -58 66 0
-58 -70 -80 0
-31 -85 -97 0
28 -30 64 0
-13 -21 -57 0
21 -34 77 0
-17 95 99 0
-18 -27 -70 0
62 -83 100 0
29 -31 89 0
-27 51 73 0
-10 12 38 0
4 -25 45 0
-28 -36 47 0
-45 76 96 0
27 -34 -100 0
-6 9 -61 0
-57 89 91 0
-34 61 -69 0
-36 -77 -87 0
24 -65 -89 0
19 -20 27 0
-46 48 -59 0
8 -25 -27 0
-9 41 -77 0
25 -52 -60 0
-22 -41 64 0
-34 55 57 0
-6 59 99 0
-19 91 -93 0
30 49 66 0
22 -74 -93 0
70 -91 -98 0
21 -61 -76 0
-14 71 -78 0
-38 -44 74 0
-60 -80 -83 0
1 -25 53 0
-53 56 -87 0
-32 57 73 0
-71 76 97 0
72 -84 91 0
22 58 61 0
23 -55 -78 0
21 74 -100 0
-11 -48 87 0
-2 45 85 0
10 20 75 0
-33 -39 72 0
-84 -89 100 0
3 18 -96 0
-15 37 42 0
-30 -39 -51 0
38 -58 -86 0
-58 -60 -86 0
-14 70 -79 0
40 -55 93 0
1 23 -54 0
3 -4 -25 0
11 -72 -99 0
-80 -83 -96 0
16 57 69 0
-27 -29 95 0
-34 -66 -77 0
9 -46 -75 0
-65 77 84 0
-44 68 -94 0
10 18 -51 0
11 18 39 0
29 -35 -44 0
-16 -18 -61 0
41 61 -79 0
52 84 -97 0
1 9 19 0
-50 82 -96 0
32 43 -94 0
-15 35 -87 0
-46 -65 99 0
22 35 57 0
59 -81 -93 0
9 -72 -97 0
-5 -26 53 0
11 60 -80 0
-51 93 -94 0
-5 18 28 0
-60 69 -90 0
-17 -25 42 0
48 -56 69 0
-8 -12 -91 0
-54 69 79 0
47 -82 93 0
6 24 69 0
-7 -27 -70 0
-30 63 75 0
-8 12 34 0
-17 -18 53 0
-63 86 -96 0
4 -40 -91 0
-16 26 -35 0
-9 -40 99 0
-22 -35 -72 0
6 -78 98 0
29 38 -64 0
-17 31 -47 0
-18 -40 63 0
-32 -37 72 0
-6 8 -64 0
-40 49 -79 0
47 58 -80 0
19 38 -76 0
-69 -79 -83 0
18 24 -29 0
-5 -29 72 0
15 -49 -66 0
11 -12 77 0
11 -17 61 0
-25 48 -89 0
-1 40 -92 0
58 -89 -93 0
-24 31 67 0
26 -91 -95 0
-12 51 -79 0
20 -38 -68 0
-9 -62 89 0
-9 40 -44 0
-78 87 88 0
-18 -41 -92 0
-48 59 94 0
-54 82 90 0
-13 17 -51 0
44 62 -85 0
-54 -62 -83 0
-11 -49 -56 0
-8 -26 -86 0
30 -50 -97 0
57 -65 68 0
27 53 -66 0
-46 -50 88 0
5 -52 -99 0
18 -41 100 0
-61 -86 -92 0
-1 -68 -93 0
-20 -35 -76 0
-2 -17 -19 0
75 89 -100 0
-13 -23 34 0
-65 68 76 0
-44 -54 -83 0
-19 72 79 0
-10 90 92 0
-29 -32 -97 0
-7 19 -83 0
41 -66 79 0
41 49 -91 0
15 -34 -94 0
12 -81 88 0
18 -36 66 0
-54 -70 84 0
40 -59 99 0
-48 81 94 0
15 -35 54 0
-3 -37 -94 0
-47 62 93 0
22 -63 100 0
6 16 -79 0
88 95 98 0
-10 53 71 0
-1 -27 42 0
32 51 -71 0
16 91 97 0
-24 29 -70 0
-19 68 76 0
-3 -92 -99 0
-4 10 89 0
-22 29 -53 0
13 33 90 0
15 35 99 0
73 -89 93 0
-42 -53 -70 0
-13 -49 64 0
-11 -48 -71 0
38 -39 -91 0
10 47 -90 0
51 53 100 0
54 -71 -99 0
13 71 -84 0
-27 -39 69 0
-7 -42 -93 0
-70 82 86 0
-27 -43 73 0
-30 36 -40 0
-56 74 -91 0
22 -62 82 0
-3 -46 76 0
15 -24 -61 0
-49 59 63 0
-63 95 98 0
28 71 75 0
19 -35 -42 0
24 44 -49 0
-3 -74 -86 0
7 29 -73 0
34 74 -98 0
68 72 85 0
20 40 -77 0
63 84 -98 0
-61 -64 65 0
24 -33 72 0
4 -66 74 0
-27 80 -87 0
26 37 -61 0
40 64 -90 0
-69 70 -75 0
2 -19 66 0
-74 -80 85 0
30 68 -96 0
-14 30 99 0
16 53 77 0
13 -25 -69 0
9 -77 -86 0
-18 -62 -85 0
-47 85 -98 0
-21 -57 81 0
18 30 -50 0
-17 -28 -52 0
-36 56 -98 0
23 -59 76 0
-1 -42 46 0
6 -32 -56 0
65 -81 87 0
-48 -57 -71 0
-1 -42 -71 0
-41 -50 -51 0
12 42 -52 0
-5 32 -88 0
-1 -19 -28 0
21 -41 49 0
19 52 -67 0
-56 78 98 0
38 -49 -95 0
-20 -91 99 0
-10 -15 -88 0
-3 -22 -64 0
-18 -40 -42 0
-5 48 -79 0
-36 68 -87 0
6 -42 -45 0
-71 83 84 0
-66 92 98 0
22 41 -100 0
-33 45 -100 0
-62 -67 98 0
-16 -30 74 0
-39 53 59 0
64 -73 82 0
-17 45 96 0
-63 -77 90 0
42 74 80 0
1 52 57 0
16 -53 -91 0
-37 -49 85 0
57 76 100 0
22 24 39 0
