c HNCO MaxSat::save
p cnf 100 1000
15 49 75 0
5 -23 -40 0
-65 74 -83 0
8 -20 -22 0
-20 -24 -30 0
-39 43 86 0
5 21 33 0
55 -64 -89 0
-6 -63 100 0
-16 -21 36 0
-3 -54 83 0
-14 -94 -100 0
10 33 39 0
46 77 -80 0
-4 -20 -54 0
14 45 -46 0
-26 43 95 0
-58 -75 83 0
-44 49 75 0
20 -53 86 0
15 58 -87 0
55 96 -97 0
-42 -64 -85 0
-20 74 -98 0
-14 -38 -88 0
-6 -27 -80 0
-59 -83 92 0
31 -45 -80 0
-66 -90 94 0
46 47 -51 0
69 70 -87 0
14 64 100 0
-65 -74 95 0
37 -87 92 0
-23 27 71 0
-7 31 56 0
25 28 -65 0
16 52 54 0
-64 84 -96 0
-26 -28 92 0
-19 -93 -97 0
39 -67 78 0
9 -56 -68 0
-43 -59 94 0
-42 -66 -78 0
46 -59 -76 0
-9 -63 -69 0
-14 -40 63 0
-3 86 -93 0
-56 92 97 0
73 74 -98 0
49 -62 98 0
20 58 -82 0
31 -37 55 0
29 -55 -86 0
-6 42 -91 0
2 5 74 0
-7 71 -73 0
-16 30 76 0
-9 -26 86 0
-9 -30 100 0
-11 41 87 0
6 11 -94 0
-51 -53 83 0
11 57 70 0
40 42 50 0
29 32 -54 0
-5 15 76 0
13 -55 -60 0
-12 -33 -41 0
-5 47 -70 0
-44 -58 -71 0
-24 -28 -53 0
16 17 -88 0
-7 34 -54 0
-4 41 62 0
-35 59 100 0
-11 73 -76 0
42 51 -80 0
-57 -59 76 0
-16 58 62 0
8 49 -67 0
21 -67 -88 0
14 67 -74 0
-26 -50 73 0
32 -60 -99 0
-43 -60 81 0
-11 -65 -91 0
-47 84 98 0
-6 29 -71 0
19 20 65 0
34 -55 -68 0
-3 -56 -78 0
36 -43 -69 0
4 43 -78 0
-23 -37 -67 0
-19 73 -80 0
78 -86 88 0
1 -29 64 0
3 17 36 0
23 -27 33 0
-21 45 85 0
41 62 -65 0
14 38 -81 0
12 38 43 0
10 44 91 0
-27 58 89 0
22 -29 -74 0
57 81 -87 0
48 54 75 0
14 -61 77 0
11 25 66 0
-9 12 -73 0
5 48 -74 0
30 70 82 0
4 -24 -82 0
36 89 90 0
16 -40 58 0
-31 37 46 0
-3 15 25 0
10 -50 54 0
42 73 -95 0
32 -39 51 0
-9 -75 -78 0
31 84 -92 0
-11 70 -82 0
22 44 90 0
66 -69 -87 0
-11 -14 24 0
-33 39 -46 0
-19 40 -92 0
6 -42 92 0
-14 29 -45 0
33 -45 59 0
33 55 64 0
31 42 57 0
8 -27 76 0
-9 -72 -76 0
-18 -52 -53 0
-1 -43 96 0
-52 60 64 0
-24 56 73 0
-17 -29 -72 0
-6 16 -61 0
19 -41 56 0
-51 61 -86 0
32 75 -89 0
-64 -74 88 0
-35 -59 -96 0
-38 66 -87 0
22 -26 72 0
-3 -56 93 0
-10 -11 82 0
28 -99 -100 0
-77 -78 95 0
-39 44 -100 0
-7 -46 54 0
-28 -51 -98 0
-14 80 82 0
-13 -86 91 0
-70 73 -87 0
48 -75 -77 0
15 92 93 0
43 -47 -77 0
-29 -51 90 0
31 48 82 0
34 46 -90 0
13 21 54 0
2 -12 -90 0
84 -88 -92 0
-5 -23 94 0
-13 51 88 0
-33 -56 -94 0
-34 -37 71 0
6 -27 30 0
11 -41 -63 0
51 -79 -80 0
-16 -45 78 0
64 -66 92 0
22 -71 -88 0
13 36 -63 0
12 -21 -72 0
20 47 96 0
51 -68 99 0
-27 -35 68 0
12 39 -71 0
-1 -58 72 0
-87 -96 100 0
16 -31 -44 0
-7 22 -95 0
-2 95 -97 0
23 64 81 0
5 -36 -53 0
15 -42 -97 0
-27 76 -83 0
-43 81 85 0
54 68 -85 0
13 -29 42 0
63 -81 -89 0
25 -31 -87 0
-25 33 72 0
26 44 52 0
-25 -43 -57 0
-35 54 71 0
-5 -23 60 0
-3 40 86 0
34 72 87 0
1 25 65 0
11 33 54 0
23 63 79 0
26 -65 -80 0
2 -66 74 0
-11 -23 75 0
-35 -92 94 0
22 -45 -83 0
-3 32 -68 0
-18 -26 50 0
-23 -27 -75 0
7 -35 -42 0
-26 47 -71 0
-32 -40 49 0
-4 84 93 0
27 -30 -40 0
-15 17 -77 0
36 53 58 0
52 -71 -95 0
39 -44 45 0
51 57 -97 0
34 67 87 0
19 20 62 0
-53 59 72 0
19 22 -26 0
49 -60 76 0
24 26 57 0
16 34 -42 0
-14 -15 -82 0
4 -14 56 0
-53 -93 99 0
-13 18 87 0
48 75 76 0
-20 33 -70 0
-2 -5 38 0
65 90 -97 0
4 -35 95 0
-35 -41 -83 0
-27 -40 66 0
-61 -67 -69 0
30 -50 60 0
3 22 -32 0
-20 56 58 0
26 30 62 0
21 -28 -93 0
3 37 45 0
33 -62 -63 0
40 -59 70 0
-17 70 -98 0
5 -21 -53 0
-8 25 -37 0
14 -19 -51 0
58 85 88 0
-74 -90 -96 0
49 -58 -81 0
19 -61 86 0
-54 -64 -69 0
-12 -13 -74 0
-65 -74 -92 0
-5 55 -69 0
12 26 79 0
36 43 78 0
-13 -68 96 0
9 16 -46 0
-58 -89 90 0
-30 -49 85 0
-67 69 77 0
-32 -45 -74 0
-4 -89 -99 0
6 -12 -78 0
24 -60 -72 0
-5 -9 -59 0
-30 -55 95 0
-47 -68 100 0
15 74 -86 0
4 42 51 0
-6 -11 -68 0
18 25 88 0
48 58 69 0
11 54 67 0
6 -31 96 0
-43 -64 92 0
-27 -37 -90 0
54 73 75 0
12 20 50 0
19 -38 76 0
-28 -34 57 0
15 -79 88 0
-10 43 92 0
16 56 86 0
-13 66 79 0
27 -65 -85 0
14 42 -74 0
-52 60 -67 0
-17 83 99 0
2 -41 54 0
-1 -27 -90 0
-42 -68 72 0
-25 75 94 0
2 15 67 0
-6 15 -51 0
-47 -63 94 0
-44 65 -67 0
-21 -41 -49 0
-7 -24 -39 0
-15 22 82 0
-15 -47 -81 0
42 96 98 0
-21 86 96 0
21 -34 36 0
29 -40 52 0
15 44 -78 0
-5 -51 -69 0
-49 50 89 0
58 75 -83 0
27 -67 70 0
-39 48 84 0
36 51 67 0
9 44 47 0
19 -38 -92 0
16 -19 -89 0
-17 -45 -51 0
60 -88 95 0
15 22 -55 0
20 -30 75 0
26 65 66 0
-38 43 -98 0
-27 60 -76 0
13 46 97 0
-50 -67 94 0
30 81 88 0
-72 -79 -100 0
-29 38 -87 0
8 48 69 0
10 -19 -51 0
-9 -10 64 0
18 39 -40 0
45 82 -85 0
3 -68 -84 0
-21 -32 96 0
14 -21 -67 0
3 55 -86 0
13 74 -87 0
-30 61 -76 0
34 47 92 0
-37 -63 -90 0
-42 44 95 0
-4 21 54 0
-24 43 -58 0
4 -36 72 0
-8 22 -53 0
2 65 -96 0
20 -33 80 0
7 31 -35 0
-34 -93 98 0
43 -56 57 0
32 -49 -82 0
16 -31 -35 0
11 16 57 0
86 -89 -94 0
28 82 100 0
-5 -20 94 0
11 40 -52 0
59 68 -94 0
1 76 -84 0
13 -50 83 0
2 -37 -55 0
24 36 60 0
35 38 -92 0
-39 76 87 0
-1 -5 53 0
5 17 84 0
-47 -56 92 0
70 -89 -90 0
44 60 -88 0
-41 57 81 0
-31 42 95 0
-16 49 -78 0
-27 -38 62 0
16 56 60 0
-51 61 95 0
8 35 76 0
-15 -28 -57 0
13 -25 -28 0
-23 28 -34 0
-42 52 89 0
4 9 91 0
6 -16 42 0
14 -78 97 0
15 -90 -99 0
-45 -46 72 0
-8 31 -91 0
-6 52 96 0
31 61 67 0
-35 48 52 0
15 82 85 0
-23 97 -100 0
53 -78 80 0
-7 28 -73 0
-2 -47 -64 0
7 -50 -56 0
-45 -51 80 0
75 -81 99 0
1 77 -100 0
-16 -47 -69 0
27 55 60 0
26 -42 81 0
-36 -39 99 0
-8 12 44 0
41 -89 -90 0
-13 68 -95 0
13 -26 80 0
-7 -56 -86 0
24 31 56 0
-11 -85 90 0
9 23 -37 0
-31 -39 -74 0
10 -13 -15 0
48 -75 -89 0
-2 35 82 0
42 67 79 0
80 82 88 0
-7 -61 92 0
6 -72 99 0
28 -43 -65 0
-40 45 47 0
-67 78 -90 0
-2 41 -43 0
-36 59 74 0
4 -51 88 0
-24 -83 85 0
33 -54 -90 0
49 -59 60 0
58 77 99 0
52 -71 -79 0
14 65 -99 0
-19 -31 41 0
-4 66 -70 0
40 68 -79 0
65 -74 85 0
-26 -45 80 0
34 63 96 0
21 80 -83 0
-36 43 -78 0
11 -29 -32 0
-2 -33 52 0
-13 -23 -72 0
-12 -28 -43 0
21 32 90 0
7 75 80 0
26 -62 -95 0
34 42 100 0
35 37 -87 0
-70 -77 78 0
-47 55 99 0
16 -21 -32 0
30 37 -84 0
26 75 79 0
-17 19 -76 0
30 -49 68 0
-16 57 75 0
-38 50 62 0
23 70 100 0
-26 -54 59 0
-13 64 -81 0
6 55 -85 0
3 71 99 0
43 -62 -70 0
62 89 -99 0
2 -41 56 0
-16 -42 62 0
-8 67 77 0
45 74 99 0
3 53 -55 0
-45 -48 75 0
-43 66 95 0
-31 44 54 0
-6 -35 64 0
-22 -45 -91 0
26 28 -67 0
-19 -34 -70 0
-6 39 44 0
31 33 44 0
53 58 70 0
-56 91 -99 0
-37 -85 96 0
2 47 -65 0
-32 59 77 0
-52 -53 91 0
2 70 92 0
12 -90 -94 0
9 -48 -68 0
50 -59 -86 0
1 -22 -46 0
5 -78 -82 0
6 -79 90 0
28 -30 88 0
-59 63 77 0
30 78 88 0
21 42 83 0
8 33 63 0
28 74 -85 0
-12 40 58 0
-72 78 -95 0
-14 96 -100 0
17 -27 -47 0
11 -43 -80 0
-42 -73 91 0
30 -33 51 0
-8 -21 53 0
-17 -19 -52 0
54 81 -88 0
-77 78 81 0
-11 55 68 0
-43 65 -93 0
-21 39 88 0
-8 24 -27 0
17 -20 -90 0
-5 8 9 0
5 -13 -80 0
-8 30 86 0
22 55 96 0
-8 29 -50 0
26 37 -47 0
-37 74 100 0
12 38 -65 0
-71 93 -99 0
-9 -21 92 0
22 40 -95 0
-7 -45 -79 0
-16 49 69 0
-39 46 73 0
-27 -59 96 0
-27 77 -85 0
-28 71 93 0
3 22 -60 0
-19 41 -64 0
42 70 81 0
19 -31 76 0
-44 51 61 0
-49 -50 68 0
45 50 -76 0
-18 -24 63 0
3 -16 -25 0
38 60 -82 0
17 54 -65 0
-40 72 -88 0
-23 -40 -53 0
-68 -75 -82 0
-63 -90 99 0
25 -69 -100 0
-12 -18 -99 0
-3 72 -76 0
-33 41 65 0
-2 46 97 0
-41 58 75 0
-23 68 94 0
45 55 -91 0
-14 28 32 0
-3 8 -56 0
-2 88 -95 0
21 -93 98 0
7 -21 96 0
-37 46 94 0
-24 28 -93 0
20 76 -98 0
17 35 -79 0
11 62 -80 0
-31 -67 -91 0
-12 -73 -98 0
2 38 40 0
-4 -14 -79 0
13 53 -56 0
-14 60 -77 0
-2 31 -62 0
10 15 -88 0
-26 -30 -79 0
-14 -44 -81 0
4 -45 -82 0
-14 27 -60 0
-35 -65 -94 0
2 37 -48 0
-4 -30 -81 0
14 -96 100 0
-16 28 85 0
-10 -61 86 0
15 20 -38 0
18 -20 97 0
-47 -89 -98 0
-6 -48 100 0
89 -93 -99 0
-54 56 -90 0
-11 45 -62 0
-37 79 -97 0
-55 -62 73 0
7 8 -35 0
11 34 37 0
-39 47 68 0
-13 -50 -61 0
9 -33 -70 0
32 40 -76 0
-39 -68 91 0
-2 19 -68 0
-32 63 -72 0
1 -4 87 0
57 -64 -91 0
-62 -80 89 0
47 -77 82 0
-14 15 84 0
-58 -71 -86 0
-9 82 99 0
36 48 -59 0
-48 78 91 0
62 71 -73 0
57 69 -79 0
-8 45 -92 0
13 70 100 0
53 57 -75 0
-14 28 -61 0
53 61 -76 0
50 -52 64 0
73 91 95 0
-12 33 81 0
6 -58 96 0
10 23 79 0
-12 14 -93 0
24 29 75 0
18 44 -66 0
55 94 -96 0
21 45 70 0
25 52 -60 0
-25 64 89 0
-37 -76 -88 0
-24 28 -92 0
35 -45 -85 0
-12 19 77 0
-21 -73 98 0
9 -25 -32 0
-6 33 -40 0
-6 9 -75 0
-22 68 -70 0
-3 -23 -33 0
50 69 88 0
58 71 -86 0
44 59 62 0
35 -36 41 0
64 66 86 0
11 -22 73 0
-28 60 -86 0
-67 -75 -85 0
34 46 -98 0
-18 -19 -40 0
-7 69 75 0
60 -90 95 0
11 26 73 0
-27 81 -93 0
18 81 82 0
-56 83 97 0
8 42 73 0
-62 -69 -84 0
-48 55 81 0
36 -38 75 0
16 -44 -94 0
30 -55 -66 0
35 60 62 0
-33 -37 -53 0
-42 -44 -55 0
59 -75 -94 0
-8 -55 72 0
20 -26 65 0
-7 -16 31 0
-13 -20 -40 0
6 39 89 0
2 62 -99 0
-16 37 80 0
-3 -12 88 0
3 4 42 0
-17 -33 83 0
-22 -56 -92 0
-20 -36 40 0
-1 9 80 0
-25 -63 90 0
30 78 81 0
-38 73 -96 0
-31 67 -72 0
9 43 -97 0
-36 -47 66 0
34 57 59 0
-63 -68 -86 0
15 -75 -90 0
16 45 78 0
18 48 86 0
38 41 61 0
-24 -27 -61 0
-19 -38 -99 0
-49 60 -90 0
-20 -47 -49 0
-17 -77 95 0
-12 -59 96 0
-7 60 -68 0
50 -52 -85 0
2 21 93 0
-6 8 98 0
-10 56 98 0
28 31 -85 0
-11 45 -86 0
2 -45 -82 0
9 10 87 0
8 -84 86 0
11 38 93 0
-37 -51 -78 0
58 79 84 0
-39 -76 95 0
33 -75 -81 0
36 -59 -74 0
19 -56 -73 0
-40 -47 62 0
46 -64 -82 0
-3 92 97 0
15 -20 -80 0
4 -13 -18 0
-3 -30 79 0
22 67 -76 0
-19 74 85 0
12 -42 -56 0
-17 -61 76 0
8 -55 -62 0
-58 62 68 0
12 -89 92 0
24 -47 -87 0
76 -77 -86 0
5 71 98 0
56 72 -82 0
-16 -33 -67 0
-16 -54 91 0
26 -83 -90 0
-3 25 -99 0
6 -23 -55 0
-15 -40 75 0
-11 12 45 0
-38 56 -95 0
3 -28 33 0
-5 31 33 0
18 55 -88 0
-12 -61 -81 0
-28 70 -97 0
58 66 86 0
-80 -85 86 0
-49 -84 -93 0
17 20 -93 0
34 -41 -45 0
-19 -92 94 0
-42 75 -81 0
49 59 69 0
33 -44 -95 0
-15 -20 74 0
22 36 -44 0
18 -54 -63 0
-1 7 51 0
-2 24 -54 0
-59 74 84 0
-1 -37 -85 0
-35 48 91 0
31 -74 -95 0
-7 -58 98 0
2 -35 -94 0
-27 -84 91 0
3 36 -39 0
-54 -55 62 0
19 -42 -45 0
61 71 84 0
-44 -92 98 0
-48 -74 96 0
53 -67 -68 0
-44 50 -75 0
-56 83 87 0
-65 78 94 0
-3 -32 69 0
-9 85 90 0
-19 -52 -97 0
31 -39 -71 0
11 55 74 0
-66 -92 -96 0
-60 65 -85 0
17 -50 -86 0
27 89 -90 0
54 -83 -86 0
-6 -23 -47 0
-15 -19 91 0
-34 46 57 0
-18 -88 -94 0
-67 84 92 0
-3 8 -90 0
-7 60 74 0
2 5 67 0
-1 61 91 0
14 -62 95 0
-8 -54 88 0
-9 -25 49 0
34 -46 -56 0
-18 -20 64 0
-28 74 -88 0
2 10 -57 0
-18 32 84 0
-60 -71 90 0
23 -49 -55 0
-23 41 -76 0
40 69 -81 0
8 29 -67 0
-27 83 99 0
-26 70 -82 0
-79 -92 -98 0
-23 -72 -86 0
-12 -15 -29 0
-19 -76 -85 0
-38 -66 90 0
27 -30 -66 0
10 -17 23 0
30 -38 100 0
-6 -64 79 0
-74 -93 -98 0
24 -52 88 0
-16 -36 -97 0
13 -38 -85 0
17 -22 -75 0
-59 -61 -90 0
-31 35 -77 0
-11 -74 82 0
-7 12 88 0
38 -54 99 0
30 -53 -74 0
-33 -60 -76 0
-14 -50 -77 0
-5 19 -98 0
-9 -35 59 0
-50 70 85 0
73 78 -84 0
40 68 71 0
26 37 -61 0
13 -70 77 0
12 52 98 0
-67 74 -82 0
4 -33 51 0
6 -18 35 0
-2 -30 47 0
25 -76 -82 0
31 -36 90 0
-36 84 -94 0
-50 60 70 0
-14 -19 77 0
-26 40 -100 0
10 21 72 0
2 -10 -40 0
6 -61 -99 0
16 -66 -98 0
51 -63 79 0
-30 -32 90 0
10 46 -84 0
44 -65 81 0
-9 39 49 0
6 -49 94 0
-34 -45 -95 0
-6 48 -88 0
11 -63 -88 0
64 -65 -75 0
8 14 -35 0
-32 -33 -93 0
-60 -71 -77 0
-4 47 -78 0
2 -39 -41 0
-14 45 91 0
-52 -65 -92 0
14 -56 58 0
21 -41 59 0
11 -42 -57 0
-13 -20 -83 0
46 -76 -85 0
16 -63 67 0
5 -34 55 0
60 -77 78 0
-4 67 77 0
-10 21 97 0
24 45 -77 0
6 38 -60 0
33 87 -99 0
-57 82 97 0
-42 59 -90 0
-3 6 100 0
-10 38 -81 0
-31 -36 94 0
-37 -50 96 0
-7 65 -97 0
16 -63 -99 0
-4 -33 -95 0
-5 -34 100 0
24 57 -85 0
-13 -69 -80 0
60 96 -100 0
-26 44 -61 0
50 -79 -89 0
-5 -85 98 0
12 30 -45 0
-41 46 -95 0
23 -65 -75 0
4 75 -83 0
26 -49 -57 0
-35 75 -77 0
71 98 -99 0
6 -61 -73 0
-19 -45 -82 0
28 -49 73 0
-13 -71 -98 0
-21 26 -77 0
16 -55 -98 0
12 31 -59 0
6 -10 70 0
-8 17 -93 0
-2 -9 43 0
14 20 -90 0
35 45 83 0
-16 24 56 0
-48 -61 68 0
8 -20 -89 0
43 49 63 0
39 -89 100 0
-10 61 75 0
-72 -81 -99 0
39 -55 99 0
-34 -63 89 0
-49 52 72 0
32 -35 92 0
4 19 42 0
42 54 91 0
52 -73 -98 0
-8 -31 -93 0
-49 -95 98 0
-42 47 61 0
3 -33 -46 0
-14 -17 77 0
-25 -72 92 0
-23 34 -84 0
-11 32 -68 0
-54 58 82 0
9 -21 -38 0
-10 -62 -94 0
14 28 38 0
1 -7 16 0
-10 -39 53 0
-9 -70 -77 0
-30 39 -72 0
59 -78 86 0
-12 36 -84 0
9 -72 73 0
5 -55 -90 0
-2 -7 -8 0
56 -64 -68 0
48 -60 72 0
1 -32 58 0
34 35 -76 0
-23 -63 67 0
15 48 -91 0
25 -85 -95 0
1 19 -30 0
-21 -67 78 0
23 -61 -72 0
-12 48 99 0
-56 78 83 0
-48 -58 -60 0
42 46 56 0
40 45 77 0
5 -7 -93 0
-27 48 67 0
36 68 90 0
-88 96 -97 0
39 43 79 0
4 -60 70 0
13 -72 100 0
-17 -69 -88 0
2 86 -98 0
-11 30 -43 0
12 -45 -83 0
5 -27 -52 0
1 -75 -80 0
-10 31 61 0
-43 -55 79 0
50 75 -87 0
-40 44 77 0
67 72 -93 0
-46 63 -80 0
-23 49 53 0
-13 -50 90 0
21 37 -94 0
70 -78 86 0
